6419138415
5543475561
5291666179
6421164902
6319579484
5484436751
6391086857
1648255637
6691393517
6280048819
6050992672
6584750414
6349237198
5442868227
6247047003
5835489315
6935603436
6050277919
5472475710
2102846306
6396327894
6286334579
1474382506
6079943111
6304864760
5980312140
6144324242
1928656063
6112399514
1350488685
6715373877
6561025255
1757316515
5871378453
5809573779
5948112774
1978811689
1110274873
5808380342
5306864470
6389388334
6657803479
5265109324
5084006067
1733801816
5033114900
1318088226
6480348252
5362683760
724404977
5359770362
1607108633
6134246701
6092190294
1700312902
6060534504
5555422614
6117169123
5860324723
5860324723
5860324723
6715373877
6389388334
6389388334
63893883346874153886
6874153886
5835489315
5835489315
5835489315
6050277919
6050277919
6050277919
60502779196007767292
6007767292
58083803426513050675
5684410709
1992170103
6595221179
5211842869
5336023580
1041256440
6645506644
5716594308
754285262
6060534504
6715373877
6715373877
67153738775829077962
6349237198
6349237198
6349237198
6349237198
6349237198
6349237198
6349237198
6349237198
6349237198
6349237198
6349237198
6349237198
6349237198
6349237198
6349237198
63963278945276088438
5222155765
6176824228
5493038840
5516139047
5594724757
5667443252
6050277919
60502779191836934382
1583319759
2080857325
63963278946594356837
6594356837
5209154306
6421522611
1665023224
2098156022
1223234532
6206665581
6050277919
6050277919
6050277919
60502779196236417970
6236417970
1269118294
5747814827
5747814827
6050277919
6050277919
6186756916
6247047003
6403662910
6403662910
6403662910